person 0.9910789132118225 15 167 27 189
person 0.9651323556900024 31 150 44 169
person 0.9587518572807312 236 391 250 418
person 0.9548712372779846 548 261 563 286
person 0.9390453100204468 203 187 215 207
person 0.9371265769004822 324 305 336 327
person 0.9059221148490906 602 390 616 413
person 0.8916980028152466 182 211 194 231
person 0.8822628259658813 472 179 483 198
person 0.8682860732078552 46 165 57 183
person 0.8496886491775513 123 88 135 108
person 0.8479905128479004 599 51 609 68
person 0.8256105780601501 456 114 464 129
person 0.8255927562713623 515 343 530 367
person 0.8186229467391968 47 135 59 152
person 0.8062250018119812 435 367 450 399
person 0.8034332394599915 423 107 431 121
person 0.7899187207221985 408 358 424 382
person 0.7190499305725098 390 164 399 182
person 0.7160306572914124 225 391 236 413
person 0.7159304022789001 353 173 364 192
person 0.7034931182861328 493 133 501 146
