person 0.999065101146698 76 26 97 54
person 0.9989590644836426 42 121 67 159
person 0.9977300763130188 162 208 181 246
person 0.9966294169425964 122 169 145 202
person 0.9964718818664551 239 119 262 155
person 0.9954323768615723 42 194 66 228
person 0.9953646659851074 453 32 474 64
person 0.9951431751251221 232 179 252 219
person 0.9936001300811768 514 69 536 97
person 0.9935503005981445 380 40 400 71
person 0.9914748668670654 170 41 187 70
person 0.9906600117683411 490 265 518 303
person 0.9901534914970398 40 293 65 331
person 0.9891679286956787 479 10 495 36
person 0.9890243411064148 27 65 51 97
person 0.9857907295227051 574 117 596 147
person 0.9851821064949036 258 78 279 113
person 0.9831374883651733 364 127 383 158
person 0.9819243550300598 341 46 360 74
person 0.9815714955329895 469 188 490 220
person 0.9786689281463623 140 248 165 289
person 0.9752916097640991 559 191 589 230
person 0.9731695055961609 133 63 158 95
person 0.9731640815734863 585 65 603 95
person 0.9701043963432312 417 0 435 27
person 0.9559564590454102 188 1 204 25
person 0.9433324337005615 358 289 377 322
person 0.9401785731315613 253 46 274 75
person 0.9293379783630371 278 287 300 328
person 0.9111359119415283 577 286 599 334
person 0.8416895270347595 354 206 371 238
