person 0.9967791438102722 64 168 107 223
person 0.9962747097015381 383 165 420 216
person 0.9935711622238159 915 160 953 207
person 0.9934231638908386 785 372 830 424
person 0.9921858310699463 194 239 230 281
person 0.9916924238204956 749 260 787 313
person 0.9916064739227295 725 42 760 89
person 0.9914947748184204 65 415 105 465
person 0.9914751052856445 365 252 405 308
person 0.9783391952514648 120 37 156 77
person 0.9740847945213318 609 55 646 102
person 0.9692568778991699 209 86 250 132
person 0.9549282193183899 400 58 437 104
person 0.9511418342590332 899 265 940 321
person 0.9470059275627136 766 12 793 51
person 0.9469113349914551 227 350 271 406
person 0.935745120048523 260 293 290 340
person 0.9253097176551819 444 400 480 463
person 0.922487735748291 934 94 963 134
person 0.9042558670043945 826 96 859 135
person 0.8439068794250488 274 57 306 97
person 0.8105098009109497 663 0 693 37
person 0.7361634969711304 66 273 104 318
person 0.7238463163375854 567 405 602 454
