person 0.9991452693939209 1183 360 1208 395
person 0.9948086738586426 762 333 784 361
person 0.9912089109420776 49 348 70 378
person 0.9872730374336243 226 343 245 374
person 0.9828502535820007 301 365 321 394
person 0.9624547362327576 828 356 843 388
person 0.9613245129585266 652 349 671 381
person 0.9537801742553711 617 348 638 378
person 0.944638729095459 136 356 152 380
person 0.9269915819168091 1126 346 1146 386
person 0.9026221036911011 412 342 433 374
person 0.8692798614501953 513 327 529 354
person 0.7960665225982666 935 345 958 379
person 0.7809823751449585 342 350 360 382
person 0.7291883826255798 479 352 495 377
