person 0.9960834980010986 1095 527 1124 573
person 0.9888640642166138 647 607 675 658
person 0.9873140454292297 1156 116 1174 148
person 0.9862035512924194 65 302 89 338
person 0.9776170253753662 908 439 926 481
person 0.9754679799079895 27 337 54 381
person 0.9751158952713013 1205 781 1236 831
person 0.9718858003616333 364 422 388 462
person 0.9668572545051575 1197 104 1216 137
person 0.9614776372909546 847 214 862 246
person 0.9449096322059631 470 784 498 837
person 0.9382831454277039 249 183 267 213
person 0.9328557252883911 945 359 966 399
person 0.9190770387649536 495 188 507 207
person 0.9134724140167236 593 620 622 669
person 0.8034351468086243 56 619 78 661
person 0.766086220741272 985 272 1000 293
person 0.7547174692153931 1030 681 1060 737
person 0.7525992393493652 687 216 700 246
person 0.7135077714920044 450 790 470 829
