person 64 168 107 223
person 383 165 420 216
person 915 160 953 207
person 785 372 830 424
person 194 239 230 281
person 749 260 787 313
person 725 42 760 89
person 65 415 105 465
person 365 252 405 308
person 120 37 156 77
person 609 55 646 102
person 209 86 250 132
person 400 58 437 104
person 899 265 940 321
person 766 12 793 51
person 227 350 271 406
person 260 293 290 340
person 444 400 480 463
person 934 94 963 134
person 826 96 859 135
person 274 57 306 97
person 663 0 693 37
person 66 273 104 318
person 567 405 602 454
