person 0.9967791438102722 30 90 50 119
person 0.9962747097015381 179 88 197 115
person 0.9935711622238159 429 85 446 110
person 0.9934231638908386 368 199 389 227
person 0.9921858310699463 91 128 108 150
person 0.9916924238204956 351 139 369 167
person 0.9916064739227295 340 22 356 47
person 0.9914947748184204 30 222 49 249
person 0.9914751052856445 171 135 190 165
person 0.9783391952514648 56 19 73 41
person 0.9740847945213318 285 29 303 54
person 0.9692568778991699 98 46 117 70
person 0.9549282193183899 187 31 204 56
person 0.9511418342590332 421 142 440 171
person 0.9470059275627136 359 6 372 27
person 0.9469113349914551 106 187 127 217
person 0.935745120048523 122 156 136 182
person 0.9253097176551819 208 214 225 247
person 0.922487735748291 438 50 451 71
person 0.9042558670043945 387 51 403 72
person 0.8439068794250488 128 30 143 52
person 0.8105098009109497 311 0 325 20
person 0.7361634969711304 31 146 49 170
person 0.7238463163375854 266 216 282 242
