person 0.9997403025627136 1019 467 1057 521
person 0.9994656443595886 902 580 970 668
person 0.9991188645362854 840 450 879 505
person 0.9988831877708435 1030 391 1052 420
person 0.9984869956970215 324 393 343 415
person 0.9981746673583984 987 438 1022 481
person 0.9960053563117981 3 546 42 593
person 0.9812705516815186 1228 442 1254 477
person 0.9765951037406921 278 436 299 464
person 0.9743753671646118 524 439 547 475
person 0.9634670615196228 426 480 454 511
person 0.9627470970153809 901 436 936 482
person 0.9622141718864441 496 410 515 432
person 0.9493494033813477 670 389 697 426
