person 0.9996114373207092 1029 137 1072 197
person 0.9995842576026917 481 237 524 312
person 0.9995724558830261 81 587 132 663
person 0.9994816184043884 324 415 365 487
person 0.9994687438011169 245 337 289 407
person 0.9994553923606873 906 64 946 130
person 0.99941086769104 85 241 135 321
person 0.999377429485321 517 159 557 232
person 0.9991289973258972 84 387 130 455
person 0.9989773035049438 154 51 193 109
person 0.9988886713981628 266 130 317 194
person 0.9986650943756104 708 412 743 474
person 0.9982829093933105 1144 224 1188 294
person 0.997649610042572 983 532 1034 607
person 0.9963250756263733 341 82 372 142
person 0.9959959983825684 286 493 333 575
person 0.9959592223167419 760 80 801 141
person 0.9956711530685425 462 364 505 442
person 0.9953770637512207 937 371 984 448
person 0.9952646493911743 1168 135 1205 196
person 0.993678867816925 959 20 992 73
person 0.9933515191078186 56 127 101 196
person 0.9916749596595764 504 88 547 155
person 0.9888947010040283 730 251 766 317
person 0.9870851635932922 832 2 869 55
person 0.9685165882110596 377 4 414 56
person 0.9433402419090271 714 578 753 646
person 0.9380788803100586 550 578 599 658
